4 0.797340 0.603460 0.168402 0.161549
4 0.781914 0.366403 0.224270 0.186742
4 0.230796 0.374316 0.291946 0.212050
4 0.226327 0.664181 0.212428 0.140067
4 0.254826 0.657583 0.153060 0.126440
4 0.227425 0.498764 0.292725 0.460082
4 0.692500 0.726320 0.279963 0.153203
4 0.797507 0.658281 0.171061 0.273004
4 0.780617 0.422456 0.229779 0.303407
4 0.482562 0.540229 0.841877 0.568609
4 0.708150 0.682277 0.324392 0.234695
4 0.624757 0.572168 0.189424 0.224961
4 0.775436 0.522077 0.236947 0.500266
4 0.627744 0.625737 0.209880 0.336492
