2 0.252033 0.267357 0.092628 0.416690
2 0.747520 0.294057 0.147298 0.434235
2 0.886531 0.367639 0.139324 0.587951
2 0.165326 0.403223 0.146026 0.650694
2 0.348356 0.408707 0.152670 0.756541
2 0.472030 0.421617 0.162689 0.760061
2 0.231146 0.399954 0.255551 0.703274
2 0.599564 0.456937 0.162198 0.829291
2 0.348090 0.295538 0.136616 0.534849
2 0.745945 0.371806 0.157622 0.596271
2 0.536569 0.466830 0.286445 0.845925
2 0.465308 0.360767 0.142129 0.587706
2 0.599030 0.323781 0.178274 0.582030
2 0.160420 0.341535 0.121074 0.478748
2 0.820906 0.366349 0.263523 0.576494
