2 0.654034 0.723714 0.250264 0.449054
2 0.379510 0.730582 0.228619 0.437863
2 0.129560 0.777213 0.247832 0.429149
2 0.513620 0.535474 0.221103 0.382073
2 0.528293 0.801111 0.284958 0.251050
2 0.571166 0.300328 0.308445 0.548328
2 0.309890 0.223539 0.219465 0.322432
2 0.279700 0.586350 0.243945 0.508403
2 0.310739 0.328060 0.215968 0.506453
2 0.141564 0.274067 0.176448 0.418535
2 0.745892 0.540923 0.231289 0.421930
2 0.656085 0.622004 0.246301 0.238855
2 0.136624 0.378928 0.191719 0.648974
2 0.806465 0.362869 0.297104 0.564615
2 0.514912 0.617557 0.225440 0.543774
2 0.515679 0.445394 0.218392 0.205470
2 0.746641 0.461367 0.243863 0.243437
