2 0.827226 0.782018 0.143937 0.204563
2 0.545324 0.160469 0.260060 0.319994
2 0.500897 0.825304 0.277794 0.341974
2 0.963263 0.895317 0.073474 0.207193
2 0.936563 0.121921 0.124499 0.219404
2 0.533395 0.934155 0.131354 0.130857
2 0.549905 0.286172 0.265905 0.572343
2 0.928130 0.611237 0.142839 0.409839
2 0.322197 0.921785 0.229371 0.156431
2 0.470157 0.415157 0.125574 0.314035
2 0.241743 0.920382 0.367590 0.159236
2 0.467451 0.498890 0.137195 0.464234
2 0.825195 0.833195 0.138554 0.280996
2 0.040648 0.758516 0.081296 0.418372
2 0.078519 0.247893 0.157039 0.495787
2 0.664323 0.702792 0.109560 0.188970
2 0.662403 0.779951 0.117130 0.351074
2 0.306947 0.237596 0.280280 0.475056
2 0.728583 0.478351 0.180064 0.439523
2 0.791878 0.625208 0.161593 0.299587
2 0.892965 0.459718 0.213438 0.492061
2 0.654096 0.880707 0.129495 0.232001
2 0.148419 0.919051 0.231337 0.158925
2 0.216937 0.472082 0.430474 0.930105
2 0.877938 0.131121 0.236001 0.247996
2 0.366068 0.479048 0.134025 0.324857
2 0.728377 0.512591 0.224766 0.511990
2 0.079251 0.167014 0.158501 0.331709
2 0.914338 0.125686 0.160633 0.234592
2 0.407203 0.672244 0.132496 0.429309
2 0.781479 0.140255 0.433811 0.280510
