2 0.266156 0.795233 0.227737 0.308051
2 0.482871 0.705750 0.188857 0.278765
2 0.179086 0.482674 0.216659 0.329020
2 0.509385 0.396257 0.230926 0.667716
2 0.253042 0.305623 0.221360 0.454336
2 0.786063 0.375852 0.282327 0.606285
2 0.251388 0.235003 0.214009 0.311695
2 0.364818 0.510873 0.144830 0.377493
2 0.724532 0.713323 0.301242 0.249114
2 0.486754 0.598691 0.189436 0.465018
2 0.758983 0.441621 0.327582 0.782891
2 0.816723 0.525066 0.188465 0.318938
2 0.746816 0.788001 0.345556 0.401749
2 0.174066 0.611627 0.223600 0.578218
2 0.657227 0.496824 0.203354 0.403919
2 0.275268 0.743735 0.249305 0.413117
2 0.954718 0.379085 0.090163 0.721691
