2 0.726766 0.798254 0.299500 0.403493
2 0.096490 0.858282 0.192980 0.280087
2 0.390663 0.823970 0.290880 0.350460
2 0.802198 0.531878 0.256528 0.371245
2 0.195580 0.638039 0.273383 0.404187
2 0.312980 0.375070 0.240673 0.341498
2 0.509197 0.567978 0.267813 0.367148
2 0.594749 0.325357 0.238267 0.339294
2 0.420940 0.167364 0.223519 0.281247
2 0.156421 0.199301 0.228437 0.307806
2 0.864676 0.291491 0.226097 0.308115
2 0.075534 0.430450 0.151068 0.348634
2 0.617018 0.957309 0.263507 0.083711
2 0.676886 0.141528 0.214046 0.281103
2 0.953998 0.722735 0.092005 0.374473
2 0.908160 0.114278 0.183679 0.225409
2 0.060787 0.094979 0.121575 0.187391
2 0.915072 0.924712 0.169856 0.150576
2 0.078114 0.497904 0.156228 0.521436
2 0.274723 0.081277 0.216344 0.162555
2 0.068655 0.126884 0.135958 0.253767
2 0.063062 0.165516 0.126124 0.331032
2 0.522695 0.066484 0.195802 0.132968
2 0.529580 0.097753 0.188659 0.193768
2 0.781726 0.071928 0.144504 0.143222
2 0.801628 0.081136 0.139207 0.160986
2 0.942552 0.768118 0.114326 0.418795
2 0.153176 0.052636 0.146972 0.105271
2 0.984424 0.402339 0.030753 0.253173
2 0.981555 0.363387 0.036094 0.277523
