2 0.158602 0.851271 0.309213 0.295690
2 0.741586 0.525030 0.187292 0.563657
2 0.864257 0.331530 0.271486 0.662264
2 0.393613 0.598331 0.191789 0.449399
2 0.925438 0.739655 0.149125 0.325857
2 0.565912 0.549948 0.191312 0.541991
2 0.590049 0.883376 0.432459 0.209048
2 0.230439 0.529932 0.209487 0.530520
2 0.419810 0.462000 0.215347 0.617672
2 0.074812 0.512378 0.149624 0.422210
2 0.213421 0.709818 0.171789 0.511747
2 0.628719 0.395315 0.237401 0.580212
2 0.836223 0.893248 0.160632 0.206686
2 0.422455 0.374560 0.202457 0.428877
2 0.076892 0.563019 0.153784 0.593862
2 0.630953 0.224092 0.224977 0.235433
2 0.213747 0.631755 0.170727 0.347476
2 0.418867 0.317791 0.190348 0.296961
2 0.637657 0.270463 0.244357 0.369141
2 0.235748 0.453790 0.195785 0.371268
2 0.624961 0.325909 0.205598 0.452699
