2 0.806576 0.879664 0.196530 0.231475
2 0.250512 0.856959 0.198414 0.245312
2 0.410042 0.549569 0.183485 0.505386
2 0.653669 0.579984 0.180827 0.503933
2 0.771838 0.492337 0.207794 0.579363
2 0.193128 0.570776 0.142133 0.416444
2 0.545431 0.330491 0.202637 0.660272
2 0.530555 0.562489 0.107456 0.486316
2 0.539440 0.248946 0.178962 0.491712
2 0.192528 0.353984 0.378090 0.704016
2 0.867115 0.615967 0.131699 0.346308
2 0.263665 0.454280 0.265783 0.621545
2 0.109607 0.394014 0.218849 0.786130
2 0.047276 0.269342 0.094553 0.505596
2 0.774462 0.591048 0.104204 0.424627
2 0.682153 0.411506 0.450096 0.815494
2 0.146265 0.309595 0.292529 0.616909
2 0.567872 0.391079 0.233876 0.774659
2 0.896420 0.321040 0.204316 0.633314
2 0.238000 0.555451 0.211653 0.459516
