2 0.763967 0.636708 0.207160 0.283129
2 0.764787 0.741735 0.204335 0.489493
2 0.045250 0.859912 0.090499 0.276251
2 0.071567 0.626243 0.143134 0.514439
2 0.523732 0.094288 0.290080 0.188481
2 0.524666 0.162630 0.282187 0.325260
2 0.875726 0.543996 0.247190 0.427917
2 0.930744 0.670468 0.138512 0.365049
2 0.169699 0.766442 0.303751 0.448574
2 0.437375 0.245401 0.159112 0.399335
2 0.408831 0.776788 0.223131 0.420128
2 0.516142 0.231929 0.313082 0.460222
2 0.883024 0.916741 0.233953 0.165631
2 0.034469 0.858406 0.068938 0.283188
2 0.949121 0.211069 0.101648 0.331971
2 0.212814 0.332056 0.425627 0.662044
2 0.355238 0.315289 0.204560 0.260307
2 0.593679 0.576624 0.271767 0.794665
