2 0.838066 0.240495 0.308725 0.479214
2 0.104794 0.952085 0.209389 0.095704
2 0.218706 0.871507 0.207356 0.249229
2 0.384034 0.926548 0.378982 0.146294
2 0.587520 0.203032 0.301674 0.358679
2 0.853833 0.702378 0.291055 0.585605
2 0.616901 0.828015 0.266888 0.331242
2 0.319930 0.226610 0.269127 0.448347
2 0.295501 0.730742 0.180582 0.246573
2 0.182002 0.534087 0.334157 0.369834
2 0.902757 0.600425 0.194486 0.357956
2 0.405556 0.788852 0.217569 0.162668
2 0.074201 0.374570 0.148402 0.329312
2 0.386048 0.800009 0.255524 0.202745
2 0.876428 0.902589 0.228998 0.181053
2 0.851999 0.620316 0.296002 0.390075
2 0.073898 0.242903 0.146759 0.483206
2 0.248433 0.228159 0.426080 0.452313
2 0.403063 0.847718 0.218781 0.304565
2 0.464166 0.716506 0.209842 0.243591
2 0.629967 0.548221 0.193462 0.275082
2 0.294992 0.682113 0.176623 0.153002
2 0.141598 0.739293 0.168235 0.250004
2 0.886853 0.557660 0.226295 0.264147
