2 0.501000 0.580050 0.219943 0.363473
2 0.223865 0.869487 0.186508 0.261025
2 0.496116 0.872221 0.180061 0.255558
2 0.693894 0.377882 0.240603 0.391253
2 0.317642 0.399462 0.254240 0.440178
2 0.626295 0.936000 0.165886 0.126904
2 0.842589 0.563536 0.228770 0.310697
2 0.650372 0.741686 0.200527 0.317156
2 0.364116 0.931258 0.170222 0.136527
2 0.354904 0.744631 0.202241 0.304800
2 0.869767 0.940179 0.163165 0.118770
2 0.773456 0.870993 0.179121 0.258014
2 0.513937 0.207131 0.270909 0.414262
2 0.125544 0.945966 0.163844 0.108069
2 0.159703 0.599102 0.259368 0.382804
2 0.923460 0.762774 0.153079 0.334897
2 0.075148 0.738948 0.150295 0.290897
2 0.217202 0.299761 0.425449 0.592501
2 0.030598 0.898513 0.061196 0.202974
2 0.795665 0.246751 0.401800 0.492043
2 0.969086 0.886694 0.061313 0.226613
2 0.154649 0.379494 0.308521 0.752472
2 0.946014 0.187722 0.107972 0.373736
2 0.732512 0.129150 0.288743 0.258299
2 0.192326 0.236387 0.374879 0.472775
2 0.969237 0.869050 0.061525 0.221042
2 0.945202 0.109997 0.109596 0.219993
2 0.857688 0.275888 0.283792 0.551775
2 0.939217 0.255098 0.121565 0.510197
