2 0.517895 0.791271 0.249065 0.417457
2 0.286452 0.114420 0.237438 0.228840
2 0.854679 0.950606 0.137737 0.098788
2 0.692060 0.854213 0.158938 0.271597
2 0.371772 0.394012 0.211681 0.557719
2 0.500876 0.241813 0.196006 0.483626
2 0.496510 0.182556 0.180534 0.365113
2 0.900511 0.745788 0.173484 0.478126
2 0.080826 0.103003 0.108871 0.206006
2 0.535865 0.467835 0.190824 0.405968
2 0.079425 0.211930 0.106891 0.423860
2 0.875017 0.204964 0.217167 0.406547
2 0.770031 0.483947 0.442517 0.960686
2 0.664407 0.269997 0.255699 0.539800
2 0.532827 0.555375 0.199689 0.608600
2 0.072565 0.274016 0.142320 0.546735
2 0.788679 0.876073 0.121304 0.237885
2 0.486492 0.126524 0.158228 0.253047
2 0.961456 0.872669 0.077089 0.251402
2 0.930898 0.397549 0.133090 0.601136
2 0.329607 0.956178 0.230036 0.087645
2 0.237637 0.488735 0.475274 0.974438
2 0.017796 0.856917 0.035453 0.284735
2 0.980999 0.608455 0.037717 0.455818
2 0.362996 0.481973 0.218591 0.754256
2 0.016214 0.762156 0.032428 0.475689
2 0.305098 0.084261 0.242891 0.167590
