2 0.195993 0.766840 0.284645 0.300280
2 0.856206 0.757418 0.178935 0.341281
2 0.483761 0.641253 0.214619 0.368355
2 0.482971 0.279957 0.251841 0.421302
2 0.720442 0.592594 0.229135 0.322639
2 0.722275 0.544326 0.238253 0.229118
2 0.342818 0.447700 0.232166 0.384348
2 0.677250 0.785835 0.228937 0.272947
2 0.255835 0.557723 0.230487 0.225557
2 0.430404 0.880623 0.271336 0.203963
2 0.619806 0.445637 0.229189 0.376125
2 0.615328 0.366042 0.242303 0.239656
2 0.757672 0.237247 0.188972 0.458317
2 0.485856 0.548818 0.221598 0.187049
2 0.342118 0.376299 0.241204 0.237154
2 0.248624 0.675915 0.220922 0.456431
2 0.385481 0.781295 0.220918 0.327359
2 0.589060 0.754305 0.204016 0.283425
2 0.717787 0.653880 0.219578 0.452094
2 0.842013 0.285334 0.308424 0.562298
2 0.882157 0.238868 0.211799 0.462071
2 0.910675 0.224891 0.156603 0.426919
2 0.846081 0.456034 0.265588 0.558352
2 0.351797 0.771394 0.303453 0.317451
2 0.152793 0.323986 0.303997 0.636331
2 0.912175 0.154155 0.139784 0.303398
2 0.490663 0.192982 0.251715 0.256433
