2 0.485698 0.503980 0.533276 0.396989
2 0.490803 0.843438 0.520751 0.313125
2 0.501096 0.157744 0.530879 0.315488
2 0.845824 0.699385 0.305257 0.396029
2 0.848605 0.320978 0.301329 0.381373
2 0.144620 0.318818 0.288777 0.391708
2 0.147030 0.696630 0.292185 0.386416
2 0.494927 0.353160 0.534456 0.706320
2 0.488332 0.656896 0.529004 0.686209
2 0.135172 0.066629 0.263766 0.133194
2 0.865291 0.940583 0.262599 0.118835
2 0.145795 0.509590 0.291590 0.782099
2 0.859630 0.077361 0.274606 0.154722
2 0.142215 0.242562 0.281008 0.477620
2 0.851422 0.240029 0.297156 0.473665
2 0.142366 0.936999 0.283916 0.124865
2 0.843873 0.514563 0.312253 0.754035
2 0.860094 0.154951 0.274042 0.309903
2 0.863348 0.108138 0.272846 0.216275
2 0.147076 0.142028 0.291208 0.284055
