2 0.321437 0.918077 0.214843 0.162165
2 0.681613 0.722484 0.246052 0.302255
2 0.277428 0.299830 0.292555 0.399631
2 0.811737 0.480022 0.271351 0.360209
2 0.196664 0.564892 0.251080 0.323905
2 0.495391 0.536234 0.254976 0.344312
2 0.399708 0.779626 0.236983 0.308898
2 0.612290 0.241688 0.282728 0.391516
2 0.843301 0.876695 0.227256 0.246610
2 0.127618 0.804659 0.225504 0.286785
2 0.905333 0.201866 0.188969 0.403732
2 0.923948 0.693758 0.152027 0.335676
2 0.580092 0.893275 0.230768 0.212929
2 0.082461 0.136712 0.164623 0.273424
2 0.093819 0.929032 0.187638 0.139607
2 0.385617 0.099754 0.287292 0.199508
2 0.046342 0.391025 0.092684 0.362783
2 0.937642 0.953810 0.124717 0.091307
2 0.724577 0.975622 0.186266 0.048756
2 0.749749 0.103581 0.178612 0.205823
2 0.737851 0.075659 0.190999 0.150734
2 0.595966 0.061104 0.227184 0.121139
2 0.641198 0.049925 0.206282 0.099849
