2 0.295728 0.921144 0.209145 0.156459
2 0.472185 0.860261 0.247413 0.276573
2 0.474173 0.584100 0.255712 0.381006
2 0.306177 0.706371 0.218931 0.324036
2 0.669195 0.773312 0.305069 0.423248
2 0.164212 0.822704 0.182847 0.274749
2 0.165255 0.547904 0.182398 0.292152
2 0.306355 0.421800 0.213345 0.348865
2 0.060398 0.671041 0.120082 0.255251
2 0.306376 0.161503 0.192526 0.319932
2 0.169746 0.274645 0.186221 0.303949
2 0.471377 0.250129 0.243792 0.430216
2 0.063666 0.433067 0.127332 0.299373
2 0.678279 0.408581 0.287813 0.435571
2 0.053562 0.182559 0.106578 0.303364
2 0.144503 0.079108 0.176245 0.158122
2 0.054521 0.888585 0.109041 0.222829
2 0.153221 0.967323 0.179028 0.065355
2 0.841006 0.707951 0.317817 0.578188
2 0.868791 0.601621 0.262418 0.476259
2 0.693414 0.322414 0.273350 0.256563
2 0.793460 0.758641 0.413080 0.480985
2 0.738211 0.220665 0.520941 0.437206
2 0.047109 0.089152 0.094219 0.176424
2 0.057509 0.752515 0.115017 0.457824
2 0.699748 0.292029 0.596503 0.577385
2 0.147971 0.123384 0.187722 0.245281
2 0.688423 0.166721 0.623154 0.333441
