2 0.836146 0.352579 0.326607 0.705158
2 0.095629 0.545343 0.191154 0.909313
2 0.595874 0.670983 0.202624 0.318752
2 0.367351 0.858944 0.249744 0.278729
2 0.760270 0.803117 0.199480 0.393766
2 0.782932 0.577768 0.190314 0.274695
2 0.606385 0.447104 0.186132 0.556504
2 0.163335 0.276307 0.174973 0.546843
2 0.911354 0.374739 0.177292 0.640119
2 0.407981 0.346281 0.413863 0.684163
2 0.763845 0.727843 0.202934 0.237502
2 0.432806 0.370786 0.187708 0.717602
2 0.077082 0.081027 0.154165 0.162054
2 0.253576 0.460829 0.255582 0.899740
2 0.919165 0.484196 0.161671 0.403883
