2 0.476890 0.893392 0.206117 0.210137
2 0.532163 0.668388 0.127095 0.302513
2 0.915249 0.847382 0.169502 0.303639
2 0.446970 0.837262 0.259551 0.325040
2 0.498830 0.187707 0.267567 0.368778
2 0.064879 0.883280 0.128489 0.224865
2 0.692168 0.851464 0.262111 0.295704
2 0.069695 0.493179 0.139389 0.610096
2 0.177266 0.273904 0.137718 0.327017
2 0.170228 0.317492 0.166364 0.400124
2 0.531899 0.732994 0.133214 0.385667
2 0.252280 0.594375 0.124045 0.313219
2 0.962081 0.262378 0.075514 0.458551
2 0.329525 0.395581 0.122780 0.384280
2 0.498170 0.299740 0.267318 0.595937
2 0.815376 0.715671 0.296335 0.568657
2 0.035712 0.107417 0.071051 0.214833
2 0.464221 0.076554 0.139985 0.152977
2 0.877322 0.211051 0.230917 0.421923
2 0.673666 0.216262 0.237391 0.432524
2 0.964713 0.567404 0.070574 0.689998
2 0.204994 0.517344 0.179934 0.424523
2 0.185561 0.411755 0.182270 0.599792
2 0.334308 0.576240 0.124550 0.401049
2 0.063416 0.420901 0.126832 0.441822
2 0.328698 0.306487 0.119255 0.205618
2 0.039407 0.200409 0.077919 0.385943
2 0.605793 0.449852 0.155824 0.412974
2 0.327794 0.451194 0.139331 0.492715
2 0.965975 0.669711 0.068049 0.515422
2 0.773671 0.232566 0.452658 0.463914
2 0.673015 0.129081 0.233184 0.258163
2 0.487564 0.388752 0.237850 0.632020
2 0.962498 0.374791 0.075004 0.749582
2 0.816963 0.606126 0.293169 0.339267
2 0.965542 0.574835 0.068916 0.287971
2 0.463261 0.160448 0.137980 0.319951
2 0.252100 0.127527 0.177998 0.252104
2 0.464039 0.114638 0.129550 0.228106
2 0.798424 0.311310 0.318133 0.350458
2 0.367111 0.125173 0.200587 0.248242
2 0.263246 0.123621 0.262222 0.246759
2 0.380715 0.851069 0.131813 0.297863
2 0.342389 0.231853 0.122306 0.378669
2 0.352884 0.094891 0.207845 0.189782
