2 0.745470 0.324809 0.285306 0.403469
2 0.569678 0.831298 0.259828 0.337404
2 0.855385 0.898364 0.279538 0.203271
2 0.795193 0.662784 0.292828 0.417299
2 0.324030 0.726406 0.210790 0.354584
2 0.271313 0.448978 0.209170 0.334057
2 0.470729 0.248081 0.236688 0.348820
2 0.147307 0.859387 0.187576 0.277068
2 0.507901 0.546709 0.242307 0.377932
2 0.239452 0.168209 0.200412 0.326539
2 0.358368 0.920735 0.220732 0.158529
2 0.924428 0.152134 0.151145 0.304267
2 0.081985 0.367865 0.158578 0.313278
2 0.068088 0.138884 0.136176 0.276258
2 0.118078 0.618462 0.185861 0.310423
2 0.960045 0.457385 0.079910 0.439163
2 0.662151 0.102102 0.233693 0.204203
2 0.963475 0.415237 0.073050 0.334660
2 0.042146 0.935055 0.084292 0.129891
2 0.377892 0.082400 0.186209 0.164747
2 0.026706 0.783713 0.053216 0.332875
2 0.032336 0.816926 0.064672 0.366148
2 0.961535 0.532072 0.076930 0.656994
2 0.370111 0.112356 0.174255 0.222730
2 0.821516 0.073499 0.151207 0.146999
2 0.661817 0.965247 0.205846 0.068827
2 0.804157 0.058783 0.166776 0.116971
2 0.511153 0.049520 0.151017 0.099041
2 0.175756 0.052925 0.163595 0.105850
