2 0.459088 0.492493 0.918176 0.984341
2 0.856562 0.744095 0.234633 0.203986
2 0.881011 0.374384 0.233736 0.570068
2 0.169726 0.810109 0.339453 0.379782
2 0.557780 0.471894 0.609699 0.922625
2 0.163684 0.463769 0.327368 0.163345
2 0.183867 0.535011 0.367733 0.925724
2 0.174355 0.278323 0.348711 0.544040
2 0.172682 0.667993 0.335558 0.584207
2 0.383303 0.660531 0.169940 0.330584
2 0.881033 0.287166 0.230095 0.386518
2 0.236877 0.706866 0.469281 0.581778
2 0.879905 0.196168 0.229761 0.216590
2 0.857043 0.820007 0.265822 0.354663
2 0.266112 0.810743 0.529519 0.376602
