2 0.489455 0.871121 0.273777 0.257759
2 0.639373 0.115573 0.163023 0.231145
2 0.503199 0.228024 0.180848 0.296077
2 0.778908 0.228553 0.199105 0.292769
2 0.351077 0.378275 0.214001 0.357355
2 0.375785 0.113713 0.161416 0.227426
2 0.500959 0.544365 0.234207 0.396723
2 0.308553 0.762250 0.255565 0.472382
2 0.648589 0.360717 0.205989 0.318558
2 0.224138 0.251158 0.192542 0.344921
2 0.877210 0.120706 0.175138 0.241413
2 0.077564 0.374755 0.155128 0.343051
2 0.684838 0.762210 0.259168 0.461463
2 0.218196 0.742501 0.433458 0.511503
2 0.922821 0.406811 0.154359 0.403431
2 0.160535 0.582156 0.230151 0.468363
2 0.129959 0.114448 0.162570 0.228896
2 0.811552 0.486301 0.185997 0.294190
2 0.967650 0.175622 0.064687 0.231322
2 0.775184 0.763227 0.449595 0.470706
2 0.516243 0.062236 0.193579 0.123516
2 0.643853 0.141599 0.185970 0.283199
2 0.077302 0.441417 0.154603 0.511098
2 0.820904 0.579345 0.231628 0.480150
2 0.508250 0.100407 0.192358 0.199269
2 0.114474 0.129461 0.185614 0.255232
2 0.494945 0.047689 0.173390 0.095377
2 0.784303 0.293492 0.197533 0.409591
2 0.794395 0.672492 0.411210 0.652610
2 0.029036 0.211045 0.058071 0.311269
2 0.921893 0.522427 0.156214 0.616036
2 0.158525 0.665760 0.242167 0.629547
2 0.750108 0.073836 0.174856 0.146932
2 0.483535 0.060734 0.183790 0.119920
2 0.765938 0.042193 0.183284 0.084387
2 0.753603 0.104349 0.190748 0.208698
2 0.726511 0.061974 0.191932 0.123841
2 0.752823 0.053815 0.167376 0.107629
2 0.835218 0.671341 0.262557 0.653817
2 0.186140 0.663726 0.372119 0.671269
2 0.028891 0.170243 0.057782 0.217960
2 0.262540 0.103723 0.148838 0.204742
2 0.644601 0.073374 0.171798 0.146748
2 0.969227 0.236046 0.061546 0.367325
2 0.050617 0.110981 0.100199 0.218373
2 0.957020 0.106315 0.085960 0.211236
2 0.273121 0.082026 0.195040 0.161400
2 0.371988 0.151959 0.178741 0.303918
2 0.860629 0.547499 0.278742 0.660687
