2 0.169311 0.631263 0.271831 0.412228
2 0.434309 0.602446 0.282584 0.412435
2 0.845149 0.491923 0.201325 0.385748
2 0.625120 0.391251 0.295139 0.538255
2 0.860905 0.798915 0.265908 0.301831
2 0.341869 0.268567 0.329404 0.424477
2 0.785375 0.785900 0.425236 0.311634
2 0.327539 0.351748 0.348391 0.513686
2 0.301459 0.484351 0.319360 0.518682
2 0.693354 0.641829 0.285936 0.488262
2 0.834238 0.532405 0.242275 0.476143
2 0.312549 0.337024 0.296216 0.240173
2 0.695789 0.516132 0.289560 0.238313
2 0.287180 0.408099 0.309756 0.366494
2 0.710989 0.769005 0.278263 0.289876
