2 0.147642 0.318317 0.205585 0.363974
2 0.336885 0.779451 0.201020 0.371102
2 0.589736 0.315191 0.201199 0.362033
2 0.424592 0.261419 0.197221 0.429549
2 0.854777 0.256223 0.216074 0.425663
2 0.714240 0.273316 0.168395 0.418817
2 0.581100 0.726907 0.259102 0.418456
2 0.385018 0.264211 0.285437 0.428184
2 0.804360 0.264741 0.323039 0.422403
2 0.464745 0.729587 0.180308 0.401853
2 0.285199 0.271953 0.190971 0.413324
2 0.752699 0.271343 0.245456 0.407547
2 0.506157 0.732456 0.264449 0.412554
2 0.133788 0.548062 0.248976 0.849340
