2 0.855546 0.676440 0.210543 0.359073
2 0.664138 0.218784 0.205663 0.360691
2 0.471112 0.214346 0.197501 0.306808
2 0.405826 0.677266 0.206739 0.351957
2 0.656593 0.675519 0.200420 0.306546
2 0.216415 0.677436 0.197424 0.308966
2 0.135242 0.861661 0.188583 0.161739
2 0.727832 0.852381 0.168667 0.143947
2 0.536326 0.509644 0.177947 0.377818
2 0.578481 0.862250 0.190525 0.159696
2 0.285119 0.853001 0.177965 0.140459
2 0.387630 0.397533 0.183829 0.164827
2 0.540089 0.390141 0.172219 0.132470
2 0.574005 0.888697 0.186331 0.222606
2 0.385144 0.458350 0.179223 0.291973
2 0.395933 0.574192 0.202171 0.525255
2 0.868009 0.205990 0.241666 0.359365
2 0.534135 0.576920 0.192367 0.513138
