2 0.697301 0.676240 0.223798 0.217062
2 0.625640 0.504452 0.255443 0.624773
2 0.423097 0.453536 0.184569 0.464908
2 0.890820 0.449790 0.216004 0.380013
2 0.114950 0.435014 0.222706 0.354767
2 0.493926 0.706658 0.215476 0.221317
2 0.487692 0.794410 0.236311 0.403543
2 0.305737 0.495487 0.191025 0.331197
2 0.176331 0.717697 0.259225 0.545453
2 0.183607 0.542134 0.225864 0.239608
2 0.110343 0.385779 0.220685 0.258189
2 0.824949 0.588681 0.214954 0.338980
2 0.365942 0.457072 0.321466 0.463850
2 0.891541 0.390266 0.216918 0.261247
2 0.416804 0.486108 0.220619 0.557671
2 0.708681 0.780857 0.241209 0.410504
