2 0.727352 0.494158 0.466459 0.957644
2 0.219617 0.327204 0.379150 0.235238
2 0.250980 0.474893 0.460511 0.545068
2 0.651160 0.790101 0.266397 0.219477
2 0.665209 0.582588 0.340610 0.218939
2 0.651222 0.339476 0.269483 0.200744
2 0.253944 0.593107 0.468769 0.768286
2 0.703392 0.255245 0.411733 0.465666
2 0.217697 0.373301 0.374356 0.334509
2 0.396342 0.541171 0.168246 0.324111
2 0.844391 0.790656 0.204517 0.355736
2 0.732198 0.807265 0.435584 0.293310
2 0.670786 0.689129 0.349501 0.442782
2 0.194739 0.539423 0.280986 0.219881
2 0.185755 0.701561 0.293007 0.563283
2 0.855224 0.348780 0.173756 0.345453
