2 0.611275 0.838241 0.162004 0.314614
2 0.629011 0.394436 0.284568 0.532709
2 0.413632 0.171773 0.168420 0.333909
2 0.738856 0.849868 0.146754 0.300265
2 0.879751 0.945109 0.234712 0.108740
2 0.053505 0.471630 0.106011 0.280250
2 0.916705 0.140796 0.166591 0.280967
2 0.714472 0.718380 0.266564 0.482084
2 0.961969 0.324997 0.074511 0.395661
2 0.069417 0.182416 0.138834 0.353548
2 0.645763 0.093721 0.284647 0.187442
2 0.965024 0.354135 0.069952 0.538193
2 0.504367 0.928287 0.248221 0.142816
2 0.643095 0.181983 0.289414 0.363967
2 0.624913 0.235069 0.259120 0.216026
2 0.416733 0.273384 0.183025 0.546768
2 0.881476 0.604055 0.236847 0.492957
2 0.304059 0.506745 0.608118 0.961449
2 0.132535 0.551786 0.131504 0.204237
2 0.073090 0.761815 0.098490 0.290673
2 0.629924 0.297328 0.279592 0.339144
2 0.128619 0.628377 0.125664 0.334966
2 0.459771 0.528909 0.181735 0.493827
2 0.307224 0.749997 0.267310 0.488552
2 0.050428 0.119531 0.100162 0.237067
