2 0.365884 0.825773 0.282821 0.342832
2 0.573910 0.861680 0.172932 0.273284
2 0.930685 0.299488 0.098336 0.171446
2 0.936380 0.840328 0.127241 0.318449
2 0.697303 0.165427 0.246074 0.330750
2 0.933082 0.367272 0.087790 0.334854
2 0.288574 0.600467 0.256332 0.618719
2 0.087663 0.889480 0.163581 0.221040
2 0.038975 0.677447 0.077949 0.377698
2 0.951795 0.537084 0.089894 0.297756
2 0.491517 0.486491 0.188673 0.389190
2 0.586371 0.887760 0.151589 0.221639
2 0.859544 0.759068 0.191663 0.399760
2 0.946824 0.645251 0.106352 0.514237
2 0.941455 0.276246 0.109704 0.222581
2 0.870990 0.527579 0.141680 0.326670
2 0.926231 0.891111 0.143533 0.213334
2 0.695789 0.253729 0.259218 0.507459
2 0.871745 0.470894 0.126937 0.211002
2 0.974007 0.251452 0.051281 0.224145
2 0.485975 0.078192 0.265798 0.156384
2 0.956499 0.263482 0.085268 0.249913
2 0.884130 0.087061 0.146239 0.172515
2 0.981594 0.261693 0.036074 0.242694
2 0.106759 0.355533 0.213518 0.431620
2 0.264245 0.118705 0.175063 0.235660
