2 0.391247 0.681624 0.235505 0.253391
2 0.120790 0.752958 0.233722 0.479835
2 0.304536 0.442574 0.206607 0.457698
2 0.892521 0.624777 0.214958 0.230418
2 0.815762 0.529600 0.212104 0.362330
2 0.886112 0.753913 0.227776 0.470617
2 0.113683 0.628338 0.227367 0.220737
2 0.503513 0.431437 0.202258 0.489250
2 0.196236 0.476151 0.236071 0.243776
2 0.632182 0.525490 0.175979 0.404848
2 0.301818 0.327601 0.216579 0.226114
2 0.388578 0.779284 0.242801 0.436650
2 0.506512 0.295816 0.217378 0.220847
2 0.175293 0.541824 0.192391 0.363732
2 0.505977 0.363591 0.212843 0.355550
2 0.695161 0.583933 0.207668 0.158225
2 0.576203 0.683740 0.188923 0.192509
2 0.693218 0.619215 0.201584 0.217908
2 0.816876 0.463738 0.216284 0.232598
2 0.591108 0.539654 0.267336 0.437073
2 0.318560 0.530366 0.241519 0.623288
2 0.692826 0.742653 0.212127 0.467524
2 0.616295 0.448560 0.199471 0.269887
2 0.582180 0.782485 0.195521 0.415003
