2 0.457853 0.837573 0.170717 0.320726
2 0.590859 0.430550 0.196280 0.506378
2 0.347827 0.390873 0.199799 0.481465
2 0.751673 0.355182 0.225743 0.662136
2 0.725153 0.834195 0.203498 0.324441
2 0.890628 0.739044 0.218744 0.520901
2 0.192461 0.324280 0.219063 0.642396
2 0.170408 0.493793 0.221306 0.617479
2 0.226906 0.824069 0.256249 0.345456
2 0.378295 0.432691 0.271572 0.574040
2 0.806468 0.527672 0.170651 0.607931
2 0.464521 0.513908 0.113553 0.381815
2 0.198225 0.183672 0.202628 0.364703
2 0.749338 0.224203 0.201603 0.422065
2 0.350684 0.642706 0.193605 0.274782
2 0.772072 0.480789 0.219240 0.532800
2 0.176284 0.506762 0.236599 0.941213
2 0.597904 0.662061 0.204022 0.258983
2 0.138341 0.405476 0.140981 0.413427
2 0.779295 0.836377 0.325226 0.324193
2 0.085867 0.811556 0.170402 0.375913
