0 0.705070 0.108531 0.561524 0.170040
0 0.453051 0.258329 0.438540 0.148847
0 0.574173 0.721631 0.458330 0.177366
0 0.191761 0.501437 0.383523 0.997127
0 0.211125 0.103812 0.379965 0.203923
0 0.570920 0.387781 0.552408 0.162827
0 0.755319 0.508935 0.123796 0.144098
0 0.369985 0.260611 0.264307 0.135437
0 0.519301 0.247498 0.587510 0.134363
0 0.708605 0.241466 0.127475 0.134095
0 0.554942 0.742462 0.164310 0.114555
0 0.573017 0.548045 0.517031 0.218665
0 0.567187 0.690175 0.479271 0.249639
0 0.213290 0.696799 0.424172 0.602592
