0 0.722349 0.436573 0.249218 0.240986
0 0.115348 0.756251 0.121058 0.371514
0 0.390594 0.225647 0.172049 0.336975
0 0.295363 0.519026 0.278913 0.273715
0 0.334745 0.722755 0.300536 0.198097
0 0.370417 0.889944 0.309308 0.204395
0 0.660238 0.898131 0.323392 0.180180
0 0.173111 0.353606 0.207509 0.286012
0 0.735778 0.251973 0.280727 0.171199
0 0.350907 0.807379 0.320365 0.363011
0 0.609824 0.729774 0.254507 0.203452
0 0.173049 0.308876 0.207579 0.194547
0 0.509144 0.579360 0.156092 0.094991
0 0.679080 0.250175 0.182050 0.163978
0 0.732366 0.361465 0.278313 0.389562
0 0.537263 0.265495 0.134348 0.236258
0 0.780360 0.689162 0.099884 0.292957
0 0.460722 0.475702 0.080598 0.144535
0 0.817556 0.243553 0.114542 0.161697
0 0.629319 0.583264 0.075479 0.085132
0 0.548583 0.449655 0.109863 0.181693
