0 0.150353 0.317092 0.151482 0.360798
0 0.144814 0.661826 0.148467 0.334613
0 0.299640 0.311579 0.159507 0.355860
0 0.461197 0.371231 0.160572 0.204006
0 0.750993 0.717860 0.263186 0.223643
0 0.179921 0.407205 0.085817 0.167113
0 0.302039 0.661719 0.149907 0.339589
0 0.311043 0.070265 0.139905 0.139968
0 0.798690 0.714121 0.160453 0.195425
0 0.445517 0.722761 0.129455 0.180310
0 0.605170 0.923347 0.145024 0.133944
0 0.674667 0.713768 0.096407 0.195479
0 0.888225 0.930072 0.097322 0.134565
0 0.156692 0.243308 0.148506 0.205555
0 0.566171 0.724011 0.126830 0.176461
0 0.765113 0.716715 0.094307 0.183622
0 0.107164 0.929064 0.074395 0.141872
0 0.320516 0.718318 0.112734 0.169586
0 0.302522 0.822707 0.140595 0.079487
0 0.312574 0.919612 0.128674 0.125563
0 0.455072 0.917630 0.147791 0.121540
0 0.307901 0.242085 0.150169 0.206248
0 0.175893 0.660646 0.090756 0.306908
0 0.325024 0.410911 0.106638 0.166419
0 0.458389 0.446815 0.156589 0.351656
0 0.756857 0.934558 0.177808 0.128260
0 0.965867 0.933537 0.068267 0.132027
0 0.457819 0.531211 0.147392 0.174716
0 0.507997 0.726147 0.248177 0.199527
0 0.149859 0.824082 0.142617 0.075680
0 0.247292 0.928401 0.056620 0.142115
0 0.320264 0.577163 0.114804 0.141880
0 0.146673 0.927615 0.151242 0.144770
0 0.176159 0.919211 0.087641 0.116289
0 0.031395 0.706655 0.062417 0.256148
0 0.740876 0.923664 0.119954 0.126118
