0 0.642279 0.237339 0.164334 0.359272
0 0.772138 0.643637 0.244395 0.448400
0 0.793890 0.249536 0.154489 0.367865
0 0.330581 0.576176 0.213136 0.351064
0 0.379893 0.856218 0.299313 0.276078
0 0.553087 0.650861 0.232047 0.246592
0 0.517956 0.184392 0.104260 0.248789
0 0.323870 0.223126 0.099763 0.363740
0 0.509778 0.341331 0.131387 0.115566
0 0.544581 0.460355 0.215401 0.142592
0 0.615326 0.839476 0.211512 0.162919
0 0.069150 0.435240 0.138300 0.870480
0 0.178345 0.402206 0.113033 0.764148
0 0.419012 0.210913 0.106888 0.321226
0 0.200800 0.442907 0.147746 0.853617
0 0.259650 0.218664 0.226067 0.378772
0 0.162041 0.871713 0.322556 0.251821
0 0.176977 0.561960 0.101945 0.453143
0 0.205145 0.319979 0.155300 0.593946
0 0.205559 0.233127 0.157813 0.418163
