0 0.853488 0.310907 0.156617 0.363312
0 0.848515 0.669676 0.143977 0.363769
0 0.540677 0.471205 0.162136 0.238271
0 0.700297 0.242810 0.150752 0.226344
0 0.697704 0.591347 0.152802 0.218912
0 0.691834 0.667932 0.148079 0.358542
0 0.699316 0.290110 0.149416 0.316266
0 0.233165 0.268731 0.096052 0.164579
0 0.284594 0.545623 0.365047 0.394925
0 0.682433 0.916934 0.136735 0.152155
0 0.070224 0.252291 0.138655 0.246891
0 0.271877 0.248098 0.201532 0.232746
0 0.538476 0.536803 0.160763 0.364688
0 0.681176 0.741381 0.120300 0.187252
0 0.326300 0.272645 0.098734 0.175052
0 0.556031 0.261684 0.124084 0.174698
0 0.534539 0.621745 0.148792 0.178773
0 0.108970 0.064669 0.077399 0.119133
0 0.157761 0.249247 0.067801 0.206097
0 0.691300 0.255546 0.123072 0.183084
0 0.678405 0.408372 0.102827 0.149894
0 0.437510 0.253064 0.121315 0.191238
0 0.820566 0.731261 0.086322 0.166795
0 0.509657 0.245703 0.232217 0.220947
0 0.686653 0.573027 0.130717 0.171419
0 0.394790 0.081940 0.133019 0.101401
0 0.539281 0.082061 0.132087 0.098116
