0 0.321305 0.886607 0.598499 0.166422
0 0.425725 0.256428 0.431065 0.133002
0 0.793346 0.487264 0.413308 0.974527
0 0.488140 0.740355 0.564264 0.161729
0 0.425877 0.370910 0.482663 0.360981
0 0.438946 0.604526 0.552728 0.165227
0 0.767375 0.237777 0.463407 0.473583
0 0.398414 0.878203 0.422875 0.160261
0 0.424451 0.317546 0.463789 0.265126
0 0.775248 0.347859 0.446476 0.693887
0 0.243171 0.478930 0.134162 0.145409
0 0.430357 0.444287 0.515415 0.223066
0 0.131532 0.882653 0.206818 0.166906
0 0.412384 0.277534 0.427941 0.182355
0 0.339667 0.922993 0.581792 0.151877
0 0.293893 0.745191 0.127960 0.134007
0 0.429345 0.247212 0.218667 0.119695
0 0.615686 0.463951 0.105450 0.124815
