0 0.279506 0.554486 0.241279 0.243753
0 0.691327 0.468177 0.259533 0.270787
0 0.875771 0.227592 0.136298 0.356950
0 0.620882 0.107120 0.285647 0.188499
0 0.267725 0.746356 0.270270 0.170593
0 0.605618 0.763510 0.172629 0.342797
0 0.629015 0.194532 0.299055 0.351054
0 0.394313 0.262909 0.245797 0.183266
0 0.822797 0.686936 0.197142 0.195483
0 0.458324 0.722210 0.139476 0.230543
0 0.761720 0.254553 0.108462 0.158595
0 0.540354 0.515014 0.077054 0.143977
0 0.182336 0.746049 0.108620 0.164089
0 0.314303 0.739802 0.185567 0.167820
0 0.487433 0.412844 0.144194 0.091424
0 0.651212 0.268320 0.297557 0.192613
0 0.345041 0.197471 0.329480 0.351959
0 0.376649 0.410619 0.078163 0.080373
0 0.449938 0.533476 0.111783 0.181083
0 0.616557 0.259363 0.203276 0.205352
0 0.351450 0.255776 0.324336 0.219667
0 0.222751 0.231678 0.100941 0.427617
0 0.392220 0.092880 0.168374 0.164467
