0 0.378152 0.708759 0.192776 0.317654
0 0.279430 0.455709 0.371788 0.163645
0 0.593359 0.713017 0.317455 0.436693
0 0.575478 0.308197 0.186505 0.330381
0 0.741942 0.164643 0.238492 0.251722
0 0.742970 0.259799 0.249867 0.454407
0 0.378214 0.625138 0.175196 0.158642
0 0.433190 0.290972 0.154071 0.199980
0 0.435708 0.258699 0.166243 0.285224
0 0.379978 0.775128 0.188017 0.186213
0 0.859671 0.632888 0.127769 0.614802
0 0.441279 0.161252 0.138449 0.098447
0 0.756718 0.665090 0.107272 0.261199
0 0.702160 0.286871 0.348435 0.408663
0 0.635319 0.309807 0.325601 0.327978
