0 0.437360 0.279535 0.250068 0.241300
0 0.236364 0.608257 0.334844 0.171800
0 0.524085 0.688278 0.276090 0.236668
0 0.315727 0.816687 0.197686 0.208420
0 0.757212 0.877992 0.357848 0.133215
0 0.249964 0.262178 0.160671 0.271851
0 0.726304 0.379667 0.249477 0.266554
0 0.873286 0.631952 0.241253 0.278990
0 0.255434 0.314667 0.161088 0.182991
0 0.723378 0.658046 0.209080 0.300524
0 0.892954 0.329516 0.201596 0.331634
0 0.791493 0.343013 0.413173 0.336325
0 0.838261 0.326636 0.302976 0.330991
0 0.242181 0.176499 0.155711 0.109666
0 0.577747 0.487536 0.101698 0.159867
0 0.803194 0.636829 0.385592 0.290983
0 0.275751 0.461285 0.208244 0.134726
0 0.744230 0.762544 0.156215 0.111036
0 0.584044 0.368860 0.070184 0.071778
0 0.416481 0.818007 0.410366 0.205289
0 0.481535 0.533805 0.150553 0.085498
0 0.447207 0.446655 0.163170 0.110400
