0 0.659022 0.389146 0.208200 0.393146
0 0.350971 0.752250 0.160682 0.354951
0 0.226355 0.345206 0.231223 0.438616
0 0.205547 0.741427 0.146380 0.368611
0 0.444043 0.344359 0.248042 0.248401
0 0.831395 0.109743 0.337210 0.219487
0 0.576499 0.770069 0.109545 0.338340
0 0.930080 0.489136 0.139214 0.967635
0 0.459049 0.527041 0.226462 0.154610
0 0.673736 0.767428 0.102646 0.376106
0 0.380047 0.144264 0.209686 0.155817
0 0.821971 0.426280 0.130704 0.455663
0 0.488299 0.648188 0.131465 0.114734
0 0.589301 0.117162 0.240444 0.218653
0 0.775205 0.774081 0.177834 0.394605
0 0.487163 0.813188 0.103763 0.221127
0 0.823788 0.535760 0.131948 0.681451
0 0.481339 0.764895 0.108342 0.323969
0 0.497104 0.120413 0.469688 0.220199
0 0.469270 0.146106 0.426181 0.174108
0 0.419063 0.304156 0.276737 0.330235
0 0.665335 0.764046 0.170537 0.388631
