0 0.653626 0.226790 0.442686 0.243792
0 0.247615 0.351130 0.364649 0.188866
0 0.646478 0.438193 0.249529 0.235595
0 0.260374 0.212622 0.368266 0.155498
0 0.598832 0.650601 0.406721 0.200534
0 0.223603 0.731640 0.388215 0.226623
0 0.250016 0.292519 0.372243 0.320589
0 0.880448 0.589931 0.225226 0.231907
0 0.872476 0.822362 0.254744 0.353454
0 0.344592 0.484870 0.111740 0.136715
0 0.464991 0.457978 0.141806 0.224499
0 0.841886 0.381535 0.156957 0.224747
0 0.230702 0.586985 0.344371 0.124812
0 0.191440 0.479352 0.223481 0.104325
0 0.463182 0.931312 0.899505 0.137244
0 0.879111 0.256061 0.241777 0.512123
0 0.240615 0.489337 0.344570 0.123300
0 0.233493 0.765076 0.415206 0.225304
0 0.877430 0.166660 0.245139 0.332630
