0 0.746142 0.250302 0.238936 0.253462
0 0.680036 0.846751 0.354135 0.148426
0 0.322313 0.842185 0.373582 0.141600
0 0.457071 0.534427 0.358445 0.156128
0 0.582283 0.673199 0.144731 0.121542
0 0.374023 0.528555 0.181940 0.155867
0 0.930712 0.080076 0.138575 0.160152
0 0.823879 0.688440 0.078348 0.142574
0 0.683256 0.696589 0.356078 0.148641
0 0.418190 0.812924 0.154067 0.088699
0 0.250077 0.672347 0.196353 0.129957
0 0.329346 0.692358 0.391204 0.157988
0 0.577744 0.959608 0.148508 0.079115
0 0.250801 0.816055 0.196075 0.095786
0 0.743636 0.959515 0.215220 0.080873
0 0.725872 0.321644 0.156109 0.107811
0 0.417315 0.671491 0.159946 0.124298
0 0.082274 0.671216 0.116832 0.131078
0 0.743545 0.203018 0.208209 0.162119
0 0.076474 0.687534 0.151046 0.151570
0 0.735155 0.434651 0.190061 0.129077
0 0.058649 0.670675 0.116242 0.147548
0 0.706557 0.963742 0.283823 0.072516
0 0.822133 0.840394 0.080488 0.154404
0 0.536749 0.530211 0.170959 0.147928
0 0.727305 0.543761 0.162101 0.121656
0 0.722945 0.672744 0.154192 0.119178
0 0.912822 0.674904 0.093719 0.112392
