0 0.457962 0.719298 0.160764 0.378347
0 0.715614 0.617236 0.329788 0.188686
0 0.172014 0.254963 0.274636 0.230242
0 0.688056 0.398339 0.415278 0.270575
0 0.660905 0.309961 0.590135 0.490145
0 0.261525 0.571515 0.292728 0.139220
0 0.301050 0.480425 0.347741 0.324327
0 0.309173 0.439373 0.342351 0.236089
0 0.630754 0.612318 0.153675 0.183581
0 0.286968 0.561368 0.189853 0.149528
0 0.705597 0.311685 0.445324 0.453394
0 0.784094 0.610987 0.178355 0.184080
0 0.167829 0.558531 0.092723 0.142709
0 0.617889 0.182130 0.606053 0.229298
0 0.236011 0.251060 0.409565 0.237385
0 0.278119 0.550038 0.319046 0.183594
