1 0.326259 0.297774 0.151138 0.380677
1 0.329780 0.792149 0.151517 0.381175
1 0.166502 0.751973 0.188918 0.448182
1 0.159187 0.253430 0.197715 0.462195
1 0.461637 0.312911 0.132324 0.359452
1 0.799108 0.847281 0.097708 0.246673
1 0.802595 0.351318 0.097655 0.271477
1 0.463589 0.809566 0.131491 0.361803
1 0.583871 0.327946 0.124162 0.308571
1 0.580586 0.830731 0.123314 0.311594
1 0.897690 0.369764 0.098363 0.242368
1 0.893905 0.856015 0.098633 0.235619
1 0.694179 0.834015 0.115403 0.268469
1 0.697255 0.343014 0.115717 0.292785
