1 0.079585 0.281851 0.159170 0.492645
1 0.328240 0.717417 0.331018 0.426366
1 0.661968 0.286558 0.355702 0.429007
1 0.908993 0.497750 0.179875 0.917456
1 0.661419 0.503720 0.362332 0.895628
1 0.090450 0.493947 0.180900 0.914109
1 0.558745 0.706188 0.168170 0.394972
1 0.912905 0.713821 0.174191 0.449638
1 0.329724 0.560293 0.337111 0.727053
1 0.441678 0.300258 0.212332 0.349373
1 0.133380 0.281939 0.266759 0.516684
1 0.466606 0.498793 0.933212 0.958070
1 0.087030 0.674903 0.167777 0.520434
1 0.906574 0.269734 0.186852 0.394849
