1 0.821278 0.771223 0.112636 0.395877
1 0.350408 0.755040 0.144369 0.448909
1 0.492962 0.770255 0.097273 0.423869
1 0.719011 0.320534 0.175703 0.464853
1 0.645359 0.756772 0.221629 0.423186
1 0.451530 0.332104 0.124317 0.484592
1 0.061642 0.392708 0.106722 0.586026
1 0.068504 0.839212 0.117925 0.269385
1 0.320249 0.365403 0.109107 0.542658
1 0.186988 0.737709 0.117564 0.465937
1 0.898965 0.530964 0.199993 0.881860
1 0.452915 0.467806 0.120895 0.750934
1 0.577194 0.355861 0.109438 0.523496
1 0.347974 0.651204 0.141587 0.637210
1 0.938345 0.739052 0.112405 0.463047
1 0.323686 0.499652 0.114976 0.809900
1 0.187493 0.495814 0.127897 0.810376
1 0.348486 0.512637 0.143601 0.916401
1 0.931919 0.555558 0.117692 0.832332
1 0.059325 0.510485 0.110154 0.808524
1 0.580986 0.476147 0.103122 0.768086
1 0.186226 0.383897 0.123682 0.578658
1 0.055585 0.331035 0.086224 0.411076
1 0.580480 0.336913 0.084227 0.465870
