1 0.931971 0.155249 0.107607 0.257190
1 0.275132 0.681863 0.167906 0.446964
1 0.651912 0.240446 0.136539 0.436326
1 0.507755 0.232105 0.109613 0.431155
1 0.181019 0.227502 0.112558 0.399588
1 0.548032 0.676063 0.121048 0.453104
1 0.676671 0.690897 0.097936 0.415752
1 0.421614 0.674689 0.108486 0.460274
1 0.813086 0.249780 0.130857 0.430287
1 0.943871 0.614486 0.102020 0.567121
1 0.352425 0.235887 0.206871 0.427354
1 0.808268 0.690636 0.122689 0.409419
1 0.066142 0.250058 0.110975 0.448711
1 0.093829 0.682074 0.168439 0.445647
1 0.814426 0.427417 0.142971 0.822828
1 0.091524 0.578818 0.171676 0.656451
1 0.675100 0.536612 0.114271 0.727787
1 0.931556 0.274117 0.119019 0.510053
1 0.087508 0.463705 0.172556 0.908246
1 0.068536 0.467453 0.118585 0.887189
1 0.349892 0.422163 0.217901 0.771347
1 0.935226 0.417613 0.124999 0.818856
1 0.656234 0.489525 0.142106 0.871689
1 0.419561 0.546378 0.106903 0.731830
