1 0.305519 0.205848 0.137052 0.399617
1 0.112197 0.217531 0.171861 0.424461
1 0.481921 0.191968 0.151024 0.366221
1 0.599201 0.710408 0.182600 0.427763
1 0.770175 0.714140 0.143045 0.392136
1 0.783249 0.388622 0.104238 0.200447
1 0.415645 0.695632 0.178000 0.437911
1 0.658280 0.173415 0.146600 0.336644
1 0.247165 0.691231 0.139821 0.438369
1 0.911829 0.386206 0.101573 0.204887
1 0.912658 0.714666 0.134858 0.388949
1 0.098386 0.688303 0.143222 0.456072
1 0.869147 0.244378 0.210456 0.476060
1 0.870973 0.137739 0.205648 0.275478
1 0.916154 0.599336 0.135712 0.623833
1 0.784676 0.537471 0.115371 0.490840
